4
127373757
278344154
136345579
120181184
61848681
515006774
479143607
503055804
156873301
144566482
28602051
229087224
184311681
261514414
48323599
527156340
489025517
419213514
251411099
147982128
95932313
338815270
399283815
304749612
240298629
280193474
42417011
323354472
100822193
7786142
362427839
41282788
506085917
42333114
263770443
298082464
246453961
299562262
338139671
376575644
225121973
343682738
407395363
380766936
80391649
114834574
510010223
430274900
365398093
526514858
163658747
362274320
286069241
107775238
400241095
410711308
325449445
507983778
184733907
111327816
292037393
395947646
304096543
197224900
509657725
234866074
432044715
438534016
444612905
149264630
308436343
338409340
340151061
480478354
402758019
470748600
153996353
131736686
115555023
97566260
295235757
151934090
161582427
125715696
66921561
142946534
209198375
61562348
458167109
308286850
30389811
170788136
212773233
486055518
67789951
186283684
408097501
394045306
9401355